72712,CAR,46.87,68.02,191.41,5350.0,
72606,PWM,43.65,70.32,19.20,5390.0
74494,CHH,41.40,69.58,16.15,5430.0
72528,BUF,42.93,78.73,215.19,5190.0
72518,ALB,42.75,73.80,89.00,5280.0
72520,PIT,40.50,80.23,373.38,5140.0
72407,ACY,39.45,74.58,20.42,5280.0
72403,IAD,38.95,77.45,98.45,5150.0
72425,HTS,38.37,82.55,255.42,5100.0
72402,WAL,37.85,75.48,2.74,5280.0
72317,GSO,36.10,79.95,270.05,5130.0
72304,HAT,35.23,75.62,3.35,5230.0
72208,CHS,32.90,80.03,14.63,5240.0
72311,AHN,33.95,83.33,247.19,5160.0
72235,JAN,32.32,90.08,100.89,5400.0
72220,AQQ,29.73,85.03,6.10,5320.0
72734,SSM,46.48,84.37,220.68,5150.0
72637,FNT,42.97,83.75,233.48,5170.0
72532,PIA,40.67,89.68,201.78,5210.0
72429,DAY,39.90,84.22,305.71,5130.0
72327,BNA,36.13,86.68,184.40,5160.0
72747,INL,48.57,93.40,360.58,5170.0
72764,BIS,46.75,100.75,505.97,5330.0
72655,STC,45.55,94.07,312.12,5220.0
72662,RAP,44.05,103.05,965.61,5440.0
72654,HON,44.38,98.23,392.89,5310.0
72553,OMA,41.30,95.90,405.69,5320.0
72562,LBF,41.13,100.68,849.48,5440.0
72456,TOP,39.07,95.62,269.75,5360.0
72451,DDC,37.77,99.97,790.04,5490.0
72353,OKC,35.40,97.60,397.46,5480.0
72363,AMA,35.22,101.72,1098.50,5560.0
72340,LIT,34.73,92.23,165.20,5380.0
72247,GGG,32.38,94.70,124.05,5510.0
72265,MAF,31.93,102.20,872.34,5640.0
72270,ELP,31.80,106.38,1193.60,5710.0
72240,LCH,30.12,93.22,9.75,5550.0
72232,BVE,29.33,89.40,0.61,5490.0
72261,DRT,29.37,100.92,313.03,5700.0
72255,VCT,28.85,96.92,35.66,5610.0
72250,BRO,25.90,97.42,6.10,5730.0
72213,AYS,31.25,82.40,46.33,5280.0
72229,CKL,32.90,87.25,139.60,5280.0
72210,TPA,27.70,82.40,13.11,5520.0
72203,PBI,26.68,80.12,6.40,5610.0
72202,MIA,25.80,80.26,3.66,5610.0
72433,SLO,38.65,88.97,177.09,5190.0
72349,UMN,36.88,93.90,437.39,5360.0
72645,GRB,44.48,88.13,213.97,5180.0
72260,SEP,32.22,98.19,401.73,5570.0
72768,GGW,48.22,106.62,700.43,5440.0
72775,GTF,47.48,111.37,1114.65,5530.0
72681,BOI,43.57,116.23,874.17,5630.0
72576,LND,42.82,108.73,1694.08,5560.0
72572,SLC,40.78,111.97,1288.39,5630.0
72469,DEN,39.77,104.88,1625.19,5550.0
72476,GJT,39.12,108.52,1474.32,5610.0
72374,INW,35.02,110.72,1488.34,5700.0
72365,ABQ,35.05,106.60,1619.71,5640.0
72274,TUS,32.12,110.95,778.76,5750.0
72797,UIL,47.93,124.57,62.48,5580.0
72785,GEG,47.62,117.53,720.85,5570.0
72694,SLE,44.92,123.00,61.26,5610.0
72597,MFR,42.37,122.28,405.08,5650.0
72583,WMC,40.90,117.80,1314.91,5680.0
72486,ELY,39.30,114.85,1908.66,5690.0
72493,OAK,37.72,122.22,5.49,5720.0
72290,SAN,32.82,117.13,124.36,5770.0
72385,UCC,36.95,116.05,1195.12,5720.0
72393,VBG,34.75,120.57,99.06,5740.0
72445,CBI,38.82,92.22,253.00,5250.0
72259,ACF,32.90,97.03,181.66,5550.0
72226,MGM,32.30,86.40,61.57,5310.0
72206,JAX,30.50,81.70,9.45,5280.0
71722,YMW,46.38,75.96,170.21,5220.0
72744,CMX,47.17,88.50,328.88,5160.0
72908,CGI,37.23,89.19,107.29,5210.0
99909,MCW,43.09,93.20,373.38,5220.0
72640,MKE,42.57,87.54,211.23,5190.0
72318,TRI,36.48,82.40,464.82,5120.0
72248,SHV,32.47,93.82,78.94,5510.0
72351,SPS,33.97,98.48,313.94,5520.0
99912,MKL,35.60,88.92,128.63,5250.0
99913,LHX,38.05,103.52,1284.73,5580.0
72548,ALO,42.55,92.40,267.61,5250.0
99914,BTL,42.30,85.23,286.21,5160.0
72464,PUB,38.28,104.52,1438.66,5570.0
72530,ORD,41.98,87.90,205.44,5200.0
99915,YQA,45.00,79.00,152.40,5190.0
99916,HLC,39.38,99.83,676.96,5460.0
72334,MEM,35.05,90.00,86.56,5280.0
72228,BHM,33.57,86.75,192.02,5210.0
99920,AMG,31.53,82.52,62.79,5280.0
72617,BTV,44.47,73.15,103.63,5290.0
72256,ACT,31.62,97.22,154.84,5570.0
72438,IND,39.73,86.27,249.94,5150.0
72422,LEX,38.03,84.60,301.45,5140.0
99925,ZZA,29.00,93.00,0.00,5550.0
99926,ZZB,30.00,88.00,0.00,5460.0
99926,ZZE,26.70,89.00,0.00,5520.0
99926,ZZF,26.70,85.50,0.00,5520.0
99927,ZZC,28.00,85.00,0.00,5480.0
99928,ZZD,31.00,80.00,0.00,5340.0
99928,ZZG,26.70,86.75,0.00,5340.0
72251,CRP,27.77,97.50,13.41,5640.0
99917,LSE,43.86,91.25,202.08,5190.0
99931,MRB,39.40,77.98,162.76,5100.0
99932,SJT,31.37,100.50,581.56,5610.0
72306,RDU,35.87,78.78,134.42,5130.0
72465,GLD,39.37,101.70,1124.10,5490.0
99935,TUL,36.20,95.90,108.51,5430.0
72243,HOU,29.42,95.22,12.80,5580.0
72440,SGF,37.23,93.38,387.10,5360.0
99014,MRF,30.37,104.02,1473.00,5730.0
99001,ABI,32.42,99.68,537.00,5610.0
99002,BVO,36.75,96.00,284.00,5430.0
99004,CDS,34.43,100.28,596.00,5550.0
99005,CLL,30.58,96.37,79.00,5580.0
99006,CNK,39.55,97.65,448.00,5400.0
99007,DUA,34.00,96.40,214.00,5490.0
99008,FSM,35.33,94.37,144.00,5420.0
99009,GAG,36.40,99.80,678.00,5520.0
99010,GLD,39.37,101.70,1115.00,5490.0
99012,JCT,30.50,99.75,521.00,5660.0
99013,MLU,32.52,92.05,27.00,5400.0
99015,MTX,33.60,102.50,1142.00,5610.0
99017,POF,36.77,90.32,100.58,5250.0
99018,RTN,36.70,104.50,1939.00,5580.0
99019,UOX,34.38,89.55,125.00,5310.0
72387,DRA,36.62,116.02,1007.00,5720.0
99020,BOG,30.00,100.50,300.00,5670.0
99021,FAK,46.00,79.00,350.00,5190.0
71853,YLO,49.81,99.65,382.00,5260.0
99898,MDV,26.90,101.50,0.00,5760.0
76225,CUU,28.80,106.10,1423.00,5780.0
71115,WVK,50.23,119.28,555.00,5530.0
76151,IGP,29.17,118.31,6.00,5790.0
76256,GYM,27.90,110.90,44.00,5800.0
76394,MTY,25.87,100.23,423.00,5780.0
70398,ANN,55.03,131.57,34.00,5350.0
71109,YZT,50.68,127.36,22.00,5500.0
71945,YYE,58.83,122.60,375.00,5330.0
71896,YXS,53.88,122.67,676.00,5430.0
71399,WOS,43.72,65.25,30.00,5490.0
71934,YSM,60.02,111.97,203.00,5280.0
71119,YXD,53.55,114.10,766.00,5420.0
71867,YQD,53.97,101.10,272.00,5220.0
71913,YYQ,58.75,94.07,35.00,5010.0
71848,YTL,53.83,89.87,219.00,5070.0
71836,YMO,51.27,80.65,0.00,5090.0
71811,YZV,50.22,66.27,58.00,5250.0
71823,YZZ,53.60,83.85,0.00,5010.0
71907,YPH,58.45,78.17,0.00,4920.0
99999,ZZZ,51.50,70.00,0.00,5220.0
99999,BG1,36.43,74.48,0.00,5280.0
99999,BG2,34.50,74.48,0.00,5340.0
99999,BG3,33.50,75.48,0.00,5280.0
99999,BG4,39.00,70.48,0.00,5410.0
99999,BG6,30.00,74.48,0.00,5460.0
99999,BG7,32.00,77.48,0.00,5310.0
99999,BG8,34.00,71.48,0.00,5430.0
99999,BG9,25.50,75.48,0.00,5580.0
72202,BGA,28.70,75.26,3.66,5580.0
72202,BGB,31.70,73.26,3.66,5400.0
72202,BGC,36.70,73.26,3.66,5600.0
