10.963682239,6.83687364816,5350.0
11.036651651,5.82916081719,5390.0
11.4941704581,5.35015919904,5430.0
9.5541140683,4.89623787793,5190.0
10.5189081248,5.26458317443,5280.0
9.49753517228,4.12801542116,5140.0
10.7816529499,4.3310376867,5280.0
10.2444708701,3.93118137394,5150.0
9.19899250068,3.3684638602,5100.0
10.7930225562,3.81536844265,5280.0
10.0025734069,2.92538489601,5130.0
11.0883104982,3.0845596369,5230.0
10.3189879206,1.99802209101,5240.0
9.4086981147,2.03829253744,5160.0
7.82035646565,1.14428943342,5400.0
9.33376811328,0.64006426481,5320.0
8.16792804609,5.485801769,5150.0
8.5586464151,4.56997061919,5170.0
7.47378915057,3.63463695616,5210.0
8.70546219762,3.69043393648,5130.0
8.42989452164,2.46314020697,5160.0
6.40750414638,5.72560301893,5170.0
5.07094538343,5.15566571894,5330.0
6.37326924904,4.8807248102,5220.0
4.59391652342,4.41491234739,5440.0
5.5704902235,4.49731851762,5310.0
6.10270337167,3.64455754838,5320.0
5.06564226709,3.56429988664,5440.0
6.21304486968,3.00103665772,5360.0
5.22100484217,2.57821569488,5490.0
5.80785299229,1.87870145306,5480.0
4.78684318438,1.81780478283,5560.0
7.15870385249,1.79452263877,5380.0
6.60988373706,1.00124026591,5510.0
4.62884359251,0.806716988665,5640.0
3.51509684757,0.849186345756,5710.0
7.08234761917,0.333841720661,5550.0
8.17157594091,0.244479290522,5490.0
4.95648974186,-0.015473014151,5700.0
6.08652373283,-0.161633088058,5610.0
5.98884687458,-1.13671741222,5730.0
9.89005085917,1.30629200085,5280.0
8.51298491123,1.46751363369,5280.0
10.2352486758,0.218749712822,5520.0
10.9751220868,0.115470684479,5610.0
11.035050242,-0.173940937609,5610.0
7.74062775402,3.08331720732,5190.0
6.67332676217,2.39056229167,5360.0
7.58432444023,4.76681891558,5180.0
5.69305692827,0.894047110602,5570.0
4.00464837315,5.63022055014,5440.0
3.10617191755,5.56617373618,5530.0
1.92025033067,4.73153472962,5630.0
3.39283756206,4.18770236891,5560.0
2.6039130976,3.73523266861,5630.0
4.11834201436,3.21442726401,5550.0
3.27772238203,3.12123712192,5610.0
2.55502615394,1.99960583363,5700.0
3.57209053002,1.85411880211,5640.0
2.32871805631,1.13117770142,5750.0
0.820341859041,6.43663711368,5580.0
2.00544791864,5.88943991117,5570.0
0.758357863853,5.54942065919,5610.0
0.616440356398,4.82480651072,5650.0
1.37756682694,4.09691333797,5680.0
1.87807254601,3.46436756821,5690.0
0.115238566873,3.56367068269,5720.0
0.804177854187,1.73691818373,5770.0
1.42281166145,2.86734743338,5720.0
0.162406996943,2.58400678426,5740.0
6.99489053641,3.01046389907,5250.0
5.98867515481,1.11858363493,5550.0
8.77287977623,1.33638125528,5310.0
10.1444350667,1.13892389707,5280.0
9.69191433065,6.00634383586,5220.0
7.36155441898,5.48778326187,5160.0
7.76998950782,2.65955699573,5210.0
6.62500512838,4.21012313948,5220.0
7.81744842999,4.26229671499,5190.0
9.40270480542,2.84167089602,5120.0
6.83774713216,1.05241729017,5510.0
5.60186970841,1.43437323823,5520.0
7.92737825378,2.1904793019,5250.0
4.39217735569,2.68647971575,5580.0
6.81053154258,4.07822085408,5250.0
8.30999512982,4.30216037695,5160.0
4.16451137266,2.77076627625,5570.0
7.77884108874,4.08079357102,5200.0
9.29147711498,5.42280714905,5190.0
5.25241823859,3.05377465504,5460.0
7.69479150363,1.97719794792,5280.0
8.59247747927,1.69886516274,5210.0
9.83264006145,1.38072072087,5280.0
10.4203503213,5.76090979401,5290.0
5.95864876177,0.716402853031,5570.0
8.27306113888,3.52508928576,5150.0
8.76972204061,3.13683199151,5140.0
7.18655160537,-0.0157890006872,5550.0
8.51203435531,0.531707972646,5460.0
8.44569710542,-0.576779856884,5520.0
9.45444318349,-0.348338740819,5520.0
9.48672725704,0.101852958607,5480.0
10.5302100245,1.44088129451,5340.0
9.09579936075,-0.436994516795,5340.0
5.93779953374,-0.520587452843,5640.0
6.99361013351,4.48123807144,5190.0
10.0825942682,4.00772595544,5100.0
5.07967751088,0.620037926419,5610.0
10.2946316829,2.96119592461,5130.0
4.82835919645,3.05642933504,5490.0
6.21052640622,2.14402170979,5430.0
6.55160028359,0.0546275537827,5580.0
6.78510450218,2.50840851702,5360.0
4.11067704711,0.3411215333,5730.0
5.29855369389,0.949137942816,5610.0
6.17469575912,2.30728888219,5430.0
5.14338957013,1.57052075776,5550.0
6.20684896175,0.40101347619,5580.0
5.7445364347,3.11452385355,5400.0
6.13134797067,1.46737357382,5490.0
6.60722455963,1.91364608821,5420.0
5.2624655633,2.16850773885,5520.0
4.82835919645,3.05642933504,5490.0
5.28285479157,0.344116082385,5660.0
7.29791534167,1.12524392144,5400.0
4.57163369166,1.32906007743,5610.0
7.52868113124,2.47597544296,5250.0
4.13227574621,2.30088248861,5580.0
7.84236832907,1.79584892844,5310.0
1.40241676158,2.77023710944,5720.0
5.07595784269,0.185107311834,5670.0
9.19113495176,5.68407099559,5190.0
5.2747529786,5.99516356731,5260.0
4.77299092409,-0.816673587324,5760.0
3.48793834156,-0.10971576941,5780.0
1.93228505318,6.66569744313,5530.0
0.147655365182,0.733740844263,5790.0
2.08685411403,-0.196152285661,5800.0
5.14552125096,-1.16417393727,5780.0
0.682127726695,8.67161325159,5350.0
0.702396896686,7.32794888258,5500.0
2.26811144887,8.97093576115,5330.0
1.76037868934,7.77907753846,5430.0
11.9054062884,6.40021862254,5490.0
3.68721684819,8.84932714842,5280.0
3.00945740155,7.27211132573,5420.0
5.04164685766,7.11305671058,5220.0
6.0067281406,8.40361286199,5010.0
6.79105152522,7.21444025405,5070.0
8.41248647285,6.93600428116,5090.0
10.7322115631,7.78040328942,5250.0
7.72551969541,7.37013898823,5010.0
8.09879807615,8.84178609817,4920.0
10.0099400548,7.73808538141,5220.0
11.1885962201,3.53154190625,5280.0
11.441000406,3.00307806417,5340.0
11.3401010458,2.61657862169,5280.0
11.6701157556,4.64425223233,5410.0
12.047509656,1.73321715707,5460.0
11.046540032,1.97975384648,5310.0
12.1883306265,3.21219745095,5430.0
12.4080578329,0.276410345988,5580.0
12.0271678458,1.26159986092,5580.0
12.1081624779,2.36317926333,5400.0
11.4171692653,3.73408399304,5600.0
